# Created by Octave 4.0.0, Sat Oct 17 14:20:47 2015 Hora estándar, América Central <unknown@EMMANUEL-PC>
# name: Matriz
# type: matrix
# rows: 2
# columns: 2
 12 31
 13 4


