# Created by Octave 4.0.0, Mon Oct 19 10:25:27 2015 Central America Standard Time <unknown@ECCI-LBW-106-07>
# name: Matriz
# type: matrix
# rows: 2
# columns: 2
 12 31
 13 4


